1.3537 19.3731 32.3933 4.3469 23.5543 3.3471 8.1617
1.3412 19.4484 32.3449 4.3139 23.6631 3.3681 8.0619
1.3539 19.3729 32.3943 4.3469 23.5522 3.3453 8.1640
1.3538 19.3728 32.3929 4.3470 23.5552 3.3469 8.1614
1.3710 18.9431 32.7219 4.3726 23.1882 3.4230 7.9113
1.3236 19.6620 32.7165 4.2884 22.1517 3.8590 8.7267
1.3541 19.3735 32.3942 4.3465 23.5510 3.3435 8.1669
1.3541 19.3741 32.3971 4.3420 23.5528 3.3459 8.1636
1.3538 19.3739 32.3952 4.3466 23.5540 3.3459 8.1624
1.3539 19.3734 32.3938 4.3445 23.5538 3.3472 8.1624
1.3225 18.2636 30.9648 4.4358 24.8083 5.7554 7.0525
1.2203 19.9350 29.6094 4.2051 25.0920 3.6157 7.5646
1.3433 19.3282 32.2640 4.6093 23.5230 3.3273 8.1578
1.3554 19.3922 32.4464 4.2728 23.4807 3.3928 8.1918
1.3686 19.4575 32.5877 4.3078 23.2527 3.1419 8.4276
1.3577 19.4160 32.4786 4.3325 23.3788 3.2809 8.2814
1.2348 20.7764 29.5836 4.0444 26.2165 2.7847 7.9632
1.3566 19.3684 32.3341 4.3470 23.5676 3.3412 8.1999
1.3342 19.4692 32.6170 4.2928 22.5379 3.8976 8.4795
1.3377 19.3194 32.1236 4.6709 23.5524 3.3585 8.1435
1.3537 19.3731 32.3932 4.3469 23.5543 3.3471 8.1617
1.3537 19.3729 32.3930 4.3469 23.5547 3.3476 8.1614
1.3537 19.3731 32.3932 4.3469 23.5544 3.3471 8.1617
1.3537 19.3734 32.3937 4.3469 23.5533 3.3470 8.1622
1.3537 19.3730 32.3931 4.3469 23.5546 3.3473 8.1616
1.3537 19.3731 32.3932 4.3469 23.5544 3.3471 8.1616
1.3865 18.9198 32.4023 4.3621 24.0522 3.3497 7.8747
1.3577 19.3560 32.2824 4.3126 23.7494 3.2709 8.1243
1.3756 19.1197 32.2634 4.3294 23.8258 3.5731 8.1015
2.2480 10.4080 21.3653 4.2770 50.3394 3.3199 2.4601
1.3547 19.3630 32.3869 4.3469 23.5777 3.3471 8.1541
1.5332 17.4204 30.3880 4.3861 29.2767 3.3091 6.5245
1.3566 19.3618 32.4015 4.3062 23.5733 3.3733 8.1588
1.3684 19.0923 32.2045 4.3127 23.7542 3.8141 8.0851
1.3541 19.3743 32.3961 4.3460 23.5506 3.3428 8.1672
1.3539 19.3740 32.3962 4.3443 23.5532 3.3459 8.1630
1.3571 19.3920 32.4368 4.3362 23.4892 3.3019 8.2193
1.3537 19.3729 32.3927 4.3470 23.5547 3.3475 8.1614
1.3537 19.3730 32.3928 4.3470 23.5546 3.3473 8.1615
1.1147 22.0001 34.2986 4.2444 17.2996 3.3832 10.4222
0.8985 18.4739 25.8538 10.3764 25.7048 4.7395 5.6089
1.4853 17.9782 30.9268 4.3742 27.9467 3.2161 6.9508
1.3909 19.1917 32.1254 4.3239 23.5511 3.3691 8.4541
1.2909 19.3392 31.8333 5.2893 23.4952 3.3187 8.0160
1.2940 19.7621 32.5334 4.3935 23.5695 3.2534 7.8780
1.3702 18.8077 32.0062 4.2815 24.2696 4.3693 7.7626
1.2243 20.1985 33.3049 4.2050 20.1751 4.9313 9.0161
1.3537 19.3736 32.3940 4.3468 23.5541 3.3465 8.1621
1.3537 19.3736 32.3941 4.3468 23.5541 3.3465 8.1621
1.3537 19.3737 32.3941 4.3468 23.5540 3.3464 8.1622
1.3537 19.3736 32.3940 4.3468 23.5541 3.3465 8.1621
1.3536 19.3728 32.4131 4.3462 23.5555 3.3413 8.1419
1.3540 19.3721 32.3963 4.3472 23.5500 3.3460 8.1653
1.3542 19.3717 32.4013 4.3471 23.5479 3.3448 8.1693
1.3541 19.3748 32.4103 4.3361 23.5530 3.3450 8.1545
1.3540 19.3746 32.4001 4.3462 23.5492 3.3439 8.1656
1.3537 19.3736 32.3939 4.3468 23.5542 3.3466 8.1620
1.3540 19.3723 32.3980 4.3471 23.5488 3.3461 8.1665
1.3537 19.3736 32.3939 4.3468 23.5541 3.3466 8.1620
1.3434 19.4502 33.9414 4.2571 23.0982 2.9831 7.2053
1.3537 19.3728 32.3918 4.3470 23.5549 3.3479 8.1618
1.3537 19.3725 32.3929 4.3471 23.5572 3.3465 8.1593
1.3538 19.3725 32.3933 4.3471 23.5534 3.3471 8.1625
1.3538 19.3699 32.4124 4.3475 23.5491 3.3460 8.1492
1.3539 19.3738 32.3975 4.3465 23.5520 3.3453 8.1644
1.3539 19.3678 32.4271 4.3476 23.5457 3.3451 8.1500
1.3414 19.5589 31.4944 4.2719 24.0476 3.2437 8.0872
1.3528 19.3777 32.3667 4.3473 23.5875 3.3457 8.1376
1.3537 19.3728 32.3930 4.3470 23.5530 3.3482 8.1619
1.3536 19.3720 32.4075 4.3469 23.5231 3.3607 8.1768
1.3538 19.3742 32.3960 4.3465 23.5533 3.3456 8.1627
1.3536 19.3727 32.3933 4.3502 23.5541 3.3468 8.1633
1.3525 19.3833 32.3548 4.3436 23.5771 3.3424 8.1480
1.3529 19.3801 32.3773 4.3449 23.5708 3.3464 8.1470
1.3537 19.3698 32.3865 4.3480 23.5571 3.3514 8.1591
1.3546 19.3596 32.3929 4.3477 23.5567 3.3611 8.1644
1.3433 19.4451 32.2813 4.3397 23.6323 3.3241 8.0841
1.3445 19.4345 32.2732 4.3421 23.6997 3.3362 8.0308
1.3537 19.3733 32.3937 4.3469 23.5543 3.3468 8.1613
1.3537 19.3734 32.3930 4.3469 23.5551 3.3469 8.1615
1.3538 19.3726 32.3931 4.3470 23.5552 3.3465 8.1618
1.3537 19.3733 32.3930 4.3469 23.5546 3.3470 8.1617
1.3538 19.3732 32.3931 4.3463 23.5546 3.3471 8.1618
1.3537 19.3732 32.3932 4.3469 23.5545 3.3470 8.1617
1.3537 19.3732 32.3931 4.3469 23.5545 3.3470 8.1617
1.3552 19.3695 32.3918 4.3460 23.5474 3.3383 8.1754
1.3538 19.3756 32.3996 4.3459 23.5520 3.3437 8.1641
1.3537 19.3732 32.3933 4.3469 23.5547 3.3468 8.1617
1.3538 19.3729 32.3935 4.3469 23.5543 3.3467 8.1621
1.3538 19.3726 32.3940 4.3470 23.5539 3.3468 8.1627
1.3537 19.3734 32.3933 4.3469 23.5544 3.3468 8.1618
1.3537 19.3733 32.3934 4.3469 23.5544 3.3469 8.1618
1.3537 19.3733 32.3935 4.3469 23.5544 3.3468 8.1618
1.3401 19.4910 32.0966 4.3285 23.7882 3.3232 8.1443
1.3537 19.3732 32.3924 4.3469 23.5554 3.3469 8.1614
1.3538 19.3760 32.3895 4.3405 23.5591 3.3471 8.1626
1.3460 19.4402 32.1937 4.3289 23.6721 3.3337 8.1903
1.3539 19.3715 32.3946 4.3470 23.5542 3.3479 8.1615
1.2657 20.0639 31.0323 4.2464 24.5357 3.2145 8.0943
1.1600 20.7028 29.3434 4.2850 26.1519 3.7173 7.7101
1.3537 19.3730 32.3924 4.3470 23.5547 3.3473 8.1615
1.3536 19.3739 32.3913 4.3468 23.5554 3.3469 8.1621
1.3461 19.4535 32.2560 4.3291 23.6029 3.3304 8.3030
1.3537 19.3732 32.3930 4.3469 23.5546 3.3470 8.1616
1.3537 19.3732 32.3930 4.3469 23.5546 3.3471 8.1617
1.3537 19.3730 32.3934 4.3469 23.5539 3.3471 8.1616
1.3537 19.3732 32.3930 4.3469 23.5545 3.3471 8.1617
1.3537 19.3732 32.3930 4.3469 23.5545 3.3471 8.1617
1.3536 19.3744 32.3920 4.3466 23.5563 3.3463 8.1615
1.3537 19.3738 32.3926 4.3468 23.5554 3.3467 8.1618
1.3537 19.3731 32.3931 4.3469 23.5544 3.3471 8.1616
1.3537 19.3731 32.3929 4.3469 23.5546 3.3471 8.1616
1.3537 19.3732 32.3930 4.3469 23.5545 3.3471 8.1617
1.3537 19.3732 32.3930 4.3469 23.5545 3.3471 8.1617
1.3537 19.3732 32.3930 4.3469 23.5545 3.3471 8.1617
1.3537 19.3732 32.3930 4.3469 23.5545 3.3471 8.1617
1.3537 19.3732 32.3930 4.3469 23.5546 3.3471 8.1617
1.3537 19.3732 32.3930 4.3469 23.5545 3.3471 8.1617
1.3537 19.3732 32.3930 4.3469 23.5545 3.3471 8.1617
1.3537 19.3732 32.3930 4.3469 23.5545 3.3471 8.1617
1.3537 19.3732 32.3930 4.3469 23.5545 3.3471 8.1617
1.3537 19.3732 32.3930 4.3469 23.5545 3.3471 8.1617
1.3537 19.3732 32.3930 4.3469 23.5545 3.3471 8.1617
1.3537 19.3732 32.3930 4.3469 23.5544 3.3471 8.1617
1.3537 19.3732 32.3930 4.3469 23.5544 3.3471 8.1617
1.3537 19.3730 32.3928 4.3470 23.5538 3.3471 8.1624
1.3987 19.2254 32.8939 4.3073 22.7751 3.0780 8.6738
1.8751 15.8659 38.5348 4.9076 16.2025 3.1542 10.9151
1.3545 19.3693 32.3968 4.3468 23.5584 3.3391 8.1627
1.3588 19.3729 32.4581 4.2835 23.5039 3.3370 8.1927
1.3831 19.2657 33.0887 4.3094 22.6086 3.1203 8.5442
1.3537 19.3731 32.3929 4.3470 23.5543 3.3471 8.1617
1.4039 19.3358 34.7399 4.2628 20.4310 2.4820 9.2601
1.3611 19.3370 32.5759 4.3470 23.3732 3.3199 8.2023
1.3619 19.3219 32.4649 4.3527 23.4417 3.3475 8.2041
1.3537 19.3731 32.3929 4.3470 23.5545 3.3472 8.1616
1.3537 19.3731 32.3929 4.3470 23.5545 3.3472 8.1616
1.3538 19.3726 32.3934 4.3470 23.5533 3.3472 8.1621
1.3551 19.3661 32.4202 4.3467 23.5216 3.3421 8.1827
1.3540 19.3716 32.3986 4.3470 23.5493 3.3462 8.1637
1.3538 19.3744 32.3960 4.3465 23.5534 3.3455 8.1628
1.3537 19.3732 32.3932 4.3469 23.5543 3.3470 8.1617
1.3537 19.3733 32.3932 4.3469 23.5544 3.3470 8.1617
1.3537 19.3732 32.3932 4.3469 23.5544 3.3470 8.1617
1.3537 19.3732 32.3931 4.3469 23.5545 3.3470 8.1617
1.3537 19.3733 32.3931 4.3469 23.5545 3.3470 8.1617
1.3537 19.3733 32.3932 4.3469 23.5544 3.3470 8.1617
1.3537 19.3732 32.3932 4.3469 23.5544 3.3470 8.1617
1.3537 19.3732 32.3932 4.3469 23.5544 3.3470 8.1617
1.3537 19.3733 32.3932 4.3469 23.5545 3.3470 8.1617
1.3537 19.3733 32.3932 4.3469 23.5544 3.3470 8.1617
1.3537 19.3733 32.3932 4.3469 23.5544 3.3470 8.1617
1.3537 19.3732 32.3932 4.3469 23.5544 3.3470 8.1617
1.3537 19.3732 32.3932 4.3469 23.5544 3.3470 8.1617
1.3537 19.3733 32.3932 4.3469 23.5544 3.3470 8.1617
1.3537 19.3732 32.3931 4.3469 23.5543 3.3470 8.1619
1.3537 19.3732 32.3932 4.3469 23.5544 3.3470 8.1617
1.3718 19.2544 32.6138 4.3409 23.3175 3.2860 8.2282
1.6258 17.1969 37.6138 4.5697 18.9574 2.9573 8.4744
1.3546 19.3665 32.3975 4.3472 23.5571 3.3416 8.1598
1.3557 19.3682 32.4154 4.3257 23.5382 3.3454 8.1673
1.3685 19.2686 32.6629 4.3361 23.2066 3.2778 8.2375
1.3537 19.3732 32.3929 4.3470 23.5545 3.3471 8.1617
1.3835 19.1461 33.1198 4.3341 22.7176 3.1504 8.2641
1.3723 19.2318 32.8457 4.3560 23.1320 3.3029 8.1659
1.3537 19.3732 32.3928 4.3470 23.5546 3.3471 8.1616
1.3538 19.3727 32.3931 4.3470 23.5539 3.3472 8.1618
1.3545 19.3673 32.4071 4.3470 23.5390 3.3454 8.1687
1.3540 19.3740 32.4010 4.3461 23.5502 3.3442 8.1641
1.3600 19.3249 32.5328 4.3503 23.4254 3.3345 8.1675
1.3537 19.3730 32.3928 4.3470 23.5545 3.3472 8.1616
1.3537 19.3730 32.3930 4.3469 23.5545 3.3472 8.1615
1.3537 19.3730 32.3929 4.3470 23.5544 3.3472 8.1616
1.3537 19.3730 32.3929 4.3469 23.5545 3.3472 8.1615
1.3537 19.3730 32.3929 4.3470 23.5545 3.3472 8.1616
1.3537 19.3730 32.3928 4.3470 23.5545 3.3472 8.1616
1.3537 19.3729 32.3993 4.3467 23.5527 3.3461 8.1568
1.3537 19.3730 32.3928 4.3470 23.5545 3.3472 8.1616
1.3537 19.3730 32.3928 4.3470 23.5545 3.3472 8.1616
1.3537 19.3730 32.3929 4.3470 23.5545 3.3472 8.1616
1.3537 19.3730 32.3928 4.3470 23.5545 3.3472 8.1616
1.3537 19.3730 32.3928 4.3470 23.5545 3.3472 8.1616
1.3537 19.3730 32.3928 4.3470 23.5545 3.3472 8.1616
1.3537 19.3730 32.3928 4.3470 23.5545 3.3472 8.1616
1.3537 19.3730 32.3933 4.3470 23.5544 3.3472 8.1613
1.3537 19.3730 32.3928 4.3470 23.5545 3.3472 8.1616
1.3537 19.3730 32.3930 4.3470 23.5545 3.3472 8.1615
1.3537 19.3730 32.3928 4.3470 23.5545 3.3472 8.1616
1.3537 19.3730 32.3928 4.3470 23.5545 3.3472 8.1616
1.3537 19.3730 32.3928 4.3470 23.5545 3.3472 8.1616
1.3537 19.3742 32.3892 4.3465 23.5562 3.3465 8.1624
1.3537 19.3730 32.3946 4.3469 23.5509 3.3487 8.1625
1.3537 19.3730 32.3929 4.3470 23.5545 3.3472 8.1616
1.3536 19.3758 32.3866 4.3461 23.5579 3.3455 8.1616
1.3537 19.3712 32.3901 4.3474 23.5557 3.3496 8.1603
1.3528 19.3800 32.3772 4.3464 23.5630 3.3458 8.1576
1.2741 19.1730 34.7563 4.3526 23.7929 3.4598 5.3028
1.3537 19.3733 32.3932 4.3469 23.5544 3.3469 8.1618
1.3537 19.3733 32.3932 4.3469 23.5544 3.3469 8.1618
1.3537 19.3733 32.3932 4.3469 23.5545 3.3469 8.1618
1.3594 19.3553 32.8858 4.3295 23.3416 3.2695 8.0536
1.3537 19.3734 32.3923 4.3469 23.5549 3.3470 8.1617
1.3538 19.3722 32.3940 4.3472 23.5523 3.3472 8.1622
1.3537 19.3727 32.3930 4.3471 23.5540 3.3473 8.1616
1.3538 19.3731 32.3923 4.3469 23.5539 3.3468 8.1626
1.3537 19.3731 32.3925 4.3470 23.5545 3.3471 8.1619
1.3537 19.3731 32.3926 4.3470 23.5545 3.3472 8.1617
1.3537 19.3731 32.3926 4.3470 23.5547 3.3472 8.1615
1.3537 19.3731 32.3925 4.3470 23.5547 3.3472 8.1615
1.3537 19.3731 32.3925 4.3470 23.5547 3.3472 8.1615
1.3537 19.3731 32.3925 4.3470 23.5547 3.3472 8.1616
1.3537 19.3731 32.3926 4.3470 23.5547 3.3472 8.1615
1.3537 19.3731 32.3936 4.3470 23.5545 3.3470 8.1606
1.3537 19.3731 32.3926 4.3470 23.5547 3.3472 8.1615
1.3529 19.3919 32.4126 4.3452 23.5025 3.3393 8.1867
1.3537 19.3716 32.3908 4.3476 23.5546 3.3486 8.1609
1.3537 19.3732 32.3970 4.3467 23.5535 3.3461 8.1591
1.4784 16.8287 38.2334 5.4966 21.5523 3.5826 4.5846
1.3486 19.4197 32.4384 4.3287 23.2602 3.4810 8.2848
1.3229 19.2616 31.8119 5.0865 23.5022 3.3258 8.2102
1.4007 19.4072 31.2983 4.2985 23.6515 3.2303 9.0379
1.3944 18.8572 31.9485 4.2801 24.0628 4.0103 8.1068
1.3648 19.3271 32.2991 4.3366 23.5571 3.3498 8.2620
1.3536 19.3748 32.3840 4.3463 23.5586 3.3463 8.1614
1.3471 19.4258 32.1849 4.3358 23.7346 3.3383 8.0260
1.3495 19.4133 32.2878 4.3378 23.6254 3.3387 8.1682
1.3621 19.3497 32.5115 4.3362 23.3637 3.2906 8.2707
1.3893 19.1505 32.8487 4.3229 22.9721 3.2083 8.3394
1.3536 19.3758 32.3743 4.3461 23.5620 3.3468 8.1634
1.3032 19.1454 35.8543 4.2888 23.2100 3.1685 5.4537
1.3508 19.3654 32.4285 4.3456 23.6564 3.3505 8.1768
1.3835 19.1398 33.0272 4.3785 22.9954 3.3536 8.6868
1.3535 19.3721 32.3950 4.3469 23.5639 3.3477 8.1622
1.3537 19.3729 32.3925 4.3470 23.5548 3.3473 8.1617
1.3537 19.3729 32.3924 4.3470 23.5548 3.3474 8.1614
1.3537 19.3729 32.3925 4.3468 23.5548 3.3474 8.1615
1.3539 19.3737 32.4009 4.3458 23.5565 3.3418 8.1739
1.3538 19.3753 32.3988 4.3460 23.5523 3.3442 8.1638
1.3537 19.3733 32.3933 4.3469 23.5544 3.3469 8.1618
1.3537 19.3733 32.3933 4.3469 23.5544 3.3469 8.1618
1.3537 19.3732 32.3938 4.3469 23.5543 3.3469 8.1622
1.3537 19.3733 32.3933 4.3469 23.5544 3.3469 8.1618
1.3537 19.3733 32.3934 4.3469 23.5542 3.3469 8.1618
1.3537 19.3733 32.3933 4.3469 23.5544 3.3469 8.1618
1.3537 19.3733 32.3933 4.3469 23.5544 3.3469 8.1618
1.3537 19.3733 32.3933 4.3469 23.5544 3.3469 8.1618
1.3507 19.3594 32.4293 4.3450 23.6929 3.3511 8.1733
1.3537 19.3717 32.3896 4.3475 23.5560 3.3488 8.1608
1.3537 19.3731 32.3929 4.3469 23.5545 3.3472 8.1616
1.3537 19.3731 32.3931 4.3465 23.5547 3.3472 8.1617
1.3541 19.3780 32.4174 4.3432 23.5538 3.3325 8.1867
1.3537 19.3734 32.3936 4.3468 23.5543 3.3468 8.1619
1.3537 19.3735 32.3936 4.3468 23.5543 3.3467 8.1619
1.3537 19.3733 32.3940 4.3469 23.5542 3.3467 8.1623
1.3537 19.3732 32.3943 4.3469 23.5542 3.3467 8.1626
1.3537 19.3735 32.3936 4.3468 23.5543 3.3467 8.1619
1.3537 19.3735 32.3936 4.3468 23.5542 3.3467 8.1619
1.3537 19.3735 32.3936 4.3468 23.5543 3.3467 8.1619
1.3537 19.3735 32.3936 4.3468 23.5543 3.3467 8.1619
1.3537 19.3735 32.3936 4.3468 23.5543 3.3467 8.1620
1.3835 19.1398 33.0272 4.3785 22.9954 3.3536 8.6868
1.3537 19.3731 32.3927 4.3470 23.5546 3.3472 8.1615
1.3494 19.3640 32.4514 4.3443 23.7017 3.3498 8.1885
1.3537 19.3731 32.3927 4.3470 23.5547 3.3472 8.1616
1.3533 19.3716 32.3975 4.3468 23.5708 3.3478 8.1631
1.3537 19.3731 32.3927 4.3470 23.5546 3.3472 8.1616
1.3537 19.3731 32.3927 4.3470 23.5546 3.3472 8.1616
1.3537 19.3731 32.3927 4.3470 23.5546 3.3472 8.1616
1.3537 19.3731 32.3929 4.3470 23.5547 3.3471 8.1618
1.3537 19.3731 32.3927 4.3470 23.5546 3.3472 8.1615
1.3537 19.3731 32.3927 4.3470 23.5546 3.3472 8.1615
1.3537 19.3731 32.3927 4.3470 23.5546 3.3472 8.1615
1.3537 19.3731 32.3927 4.3470 23.5546 3.3472 8.1616
1.3537 19.3731 32.3927 4.3470 23.5546 3.3472 8.1616
1.3537 19.3731 32.3927 4.3470 23.5546 3.3472 8.1615
1.3537 19.3731 32.3927 4.3470 23.5546 3.3472 8.1615
1.3537 19.3731 32.3927 4.3470 23.5546 3.3472 8.1615
1.3537 19.3731 32.3927 4.3470 23.5546 3.3472 8.1615
1.3579 19.3956 32.4101 4.3366 23.5065 3.2859 8.2324
1.3548 19.3924 32.4088 4.3410 23.5084 3.3194 8.2024
1.3537 19.3739 32.3945 4.3467 23.5534 3.3463 8.1624
1.3537 19.3744 32.3936 4.3465 23.5553 3.3459 8.1619
1.3537 19.3733 32.3923 4.3469 23.5553 3.3471 8.1615
1.3546 19.3758 32.3914 4.3449 23.5459 3.3368 8.1751
1.3545 19.3745 32.3959 4.3450 23.5565 3.3382 8.1682
1.3537 19.3735 32.3936 4.3468 23.5543 3.3467 8.1619
1.3467 19.4005 32.7628 4.3236 23.5597 3.2449 7.8014
1.3537 19.3736 32.3957 4.3467 23.5541 3.3462 8.1603
1.3560 19.3584 32.3972 4.3506 23.5359 3.3489 8.1778
1.3423 19.4696 32.4897 4.3123 23.1295 3.5386 8.3164
1.3469 19.3649 32.3096 4.4721 23.5552 3.3368 8.1542
1.3530 19.3821 32.3759 4.3448 23.5705 3.3428 8.1596
1.3606 19.2652 32.2891 4.3247 23.7129 3.5096 8.1175
1.3436 19.4280 32.4962 4.3710 23.4701 3.3392 8.1146
1.3532 19.3779 32.3810 4.3454 23.5643 3.3448 8.1575
1.3519 19.3879 32.3569 4.3433 23.5942 3.3444 8.1329
1.3497 19.4110 32.3034 4.3376 23.6202 3.3380 8.1653
1.3667 19.3505 32.6506 4.3224 23.1965 3.2266 8.3485
1.3614 19.3256 32.5194 4.3387 23.4067 3.3058 8.1974
1.3536 19.3739 32.3898 4.3467 23.5564 3.3470 8.1613
1.3764 19.2651 32.3584 4.3620 23.3499 3.3635 8.4069
1.3538 19.3740 32.3959 4.3463 23.5563 3.3445 8.1660
1.3537 19.3734 32.3939 4.3468 23.5542 3.3467 8.1620
1.3538 19.3744 32.3974 4.3459 23.5580 3.3429 8.1690
1.3537 19.3734 32.3939 4.3468 23.5541 3.3467 8.1620
1.3537 19.3734 32.3939 4.3468 23.5540 3.3467 8.1620
1.3537 19.3734 32.3939 4.3468 23.5541 3.3467 8.1620
1.3537 19.3734 32.3939 4.3468 23.5541 3.3467 8.1619
1.3537 19.3734 32.3939 4.3468 23.5541 3.3467 8.1619
1.3537 19.3734 32.3939 4.3468 23.5541 3.3467 8.1619
1.3537 19.3734 32.3939 4.3468 23.5541 3.3467 8.1619
1.3537 19.3734 32.3939 4.3468 23.5541 3.3467 8.1619
1.3537 19.3734 32.3940 4.3468 23.5541 3.3467 8.1618
1.3537 19.3734 32.3939 4.3468 23.5541 3.3467 8.1619
1.3537 19.3752 32.3924 4.3463 23.5564 3.3454 8.1626
1.3218 19.5061 31.8932 4.3271 24.4869 3.3364 8.5067
1.3536 19.3746 32.4020 4.3456 23.5198 3.3606 8.1705
1.3520 19.3622 32.3575 4.4047 23.5318 3.3449 8.1598
1.3592 19.3611 32.3867 4.3476 23.4629 3.3427 8.1634
1.3567 19.3697 32.3848 4.3467 23.5032 3.3433 8.1655
1.3585 19.3208 32.3768 4.3426 23.5593 3.4098 8.1490
1.3543 19.3716 32.3906 4.3464 23.5499 3.3466 8.1639
1.3538 19.3748 32.3959 4.3463 23.5532 3.3450 8.1629
1.3538 19.3740 32.3901 4.3464 23.5565 3.3462 8.1545
1.3246 19.7097 31.3894 4.2512 24.0082 3.2626 8.2337
1.3548 19.3693 32.4102 4.3463 23.5299 3.3419 8.1701
1.3571 19.3506 32.4412 4.3464 23.4919 3.3378 8.1721
1.3537 19.3743 32.3931 4.3466 23.5541 3.3460 8.1623
1.3523 19.3805 32.3706 4.3453 23.5947 3.3463 8.1791
1.3537 19.3729 32.3926 4.3470 23.5548 3.3473 8.1617
1.3537 19.3729 32.3925 4.3470 23.5547 3.3474 8.1614
1.3537 19.3729 32.3925 4.3470 23.5547 3.3474 8.1614
1.3537 19.3729 32.3925 4.3470 23.5547 3.3474 8.1614
1.3412 19.3443 32.5587 4.3389 23.9933 3.3558 8.2384
1.3561 19.3588 32.4121 4.3496 23.5138 3.3500 8.1631
1.3519 19.3855 32.3893 4.3438 23.5801 3.3440 8.1309
1.3519 19.3855 32.3893 4.3438 23.5801 3.3440 8.1309
1.3519 19.3855 32.3893 4.3438 23.5801 3.3440 8.1309
1.3501 19.3288 32.4336 4.3725 23.6601 3.4292 8.1521
1.3537 19.3725 32.3916 4.3472 23.5550 3.3479 8.1611
1.3101 19.1298 24.5713 4.2048 24.5034 3.4617 6.2059
1.3721 19.2449 32.7573 4.3458 23.3280 3.2785 8.2024
1.3194 19.7066 32.2713 4.2487 22.8446 3.1998 8.3927
